07101
08248
07100
08243
08242
08241
08240
08247
07103
08245
08244
07102
07848
07849
07740
07747
07746
08648
08647
08646
07460
07748
08641
08640
07844
07108
08544
08250
07662
08251
07663
08018
08019
08016
07840
08014
08015
08012
08541
08010
08011
07666
07417
07416
07514
07512
07513
07510
07511
08080
07044
08332
07828
07829
07040
07041
07042
07043
07822
07823
07820
07821
07826
07827
07825
08328
08329
08089
08088
07039
07950
08094
07632
07631
07630
08757
08756
07874
08751
08202
08342
07462
08753
07463
08645
07999
07799
07704
07703
07702
07701
08246
07465
07310
07311
07709
07481
08885
08933
08720
08721
08722
08723
08830
08831
08832
08833
08110
07738
08873
07739
08043
07410
08610
08611
08346
07419
07418
08618
08619
08759
08758
08736
08755
08754
08205
08204
08203
07730
08201
08752
07008
07009
07731
08570
08347
07001
07002
07003
07004
07005
07006
07007
07734
07735
08052
08501
08502
08051
08504
08505
08054
08055
08059
07853
07852
07851
07850
07857
07856
07855
08540
07675
08988
08989
07670
07079
08542
07075
07074
07077
08543
07071
07070
07073
07072
07981
07980
08370
07626
08870
08871
08872
07960
08875
08876
08877
08878
08879
07215
08887
07216
07189
07188
08886
08053
07183
07964
07185
08050
07187
08880
08695
08056
08882
07083
08057
08556
07457
07758
07452
07451
07450
07458
08805
08804
08807
08801
08803
08802
08650
07755
07756
07757
08809
08808
07752
07753
08029
08028
07175
08023
08022
08021
08020
08027
08026
08025
08536
08535
07522
07524
08558
08629
08628
08252
07676
08625
08620
07031
07030
07033
07032
07035
07034
07036
08324
08326
08327
08320
08321
08322
08323
08739
07078
07624
07962
07961
07627
07620
07621
07045
07628
07046
08738
07047
07660
07105
07076
08905
08230
08840
08608
07661
07104
07710
07711
07712
07713
07715
07716
07717
07718
07719
07107
07495
08848
08922
08735
08844
08846
07106
07399
08734
08260
08340
08353
07765
07764
07760
07763
07762
07405
07407
07401
07403
08218
08219
08343
08210
08212
08213
08214
08215
08740
08217
08341
08562
08560
07728
08401
08400
08403
08402
08405
08404
08406
08344
08345
08104
08105
08106
08107
08100
08101
08069
08103
08067
08066
08065
08064
08108
08109
08061
08060
08315
08314
08317
08316
08311
08310
08313
08312
07109
07845
07846
07847
08319
08318
07842
07843
08085
08084
08087
08086
08081
07727
07068
07066
07067
07064
07065
07062
07063
07060
07061
08554
08083
08360
08750
08559
08411
07208
08889
08888
07202
07203
07200
07201
07206
07207
07204
07205
07198
07199
07192
07193
07190
07191
07197
07194
07195
07927
07926
07924
07922
07921
07920
08352
07928
07440
07442
07444
07446
08816
08817
08701
08812
08810
07721
07720
07723
07722
07724
08818
07726
08514
08528
08520
08046
08526
08527
08525
07435
07436
07538
07430
07432
07439
07438
07533
08221
08220
08223
08222
08225
08224
08638
08226
07022
07023
07020
07021
07026
07027
07024
08350
07028
07029
07184
07461
07865
07863
07860
07890
08034
08035
08036
08037
08030
08031
08032
08033
08038
08039
07875
07650
07653
07652
07978
07979
07657
07656
07974
07976
07977
07970
07878
07097
07096
07095
07094
07093
07092
07091
07090
07099
07098
07801
07802
07803
07806
07112
07480
07086
07530
08606
08858
08859
08852
08853
08850
08857
08854
08855
08227
08270
07777
08677
07456
07470
08666
07474
07477
08095
08553
08551
08550
08009
08008
08555
08358
08005
08004
08007
08006
08001
08003
08002
07498
07505
07504
07507
07506
07501
07500
07503
07502
07509
07508
08078
08079
08098
08070
08071
08072
08073
08074
08075
08077
07839
07838
07110
07111
08302
07114
07831
07830
07833
07832
07834
07837
07836
08096
08097
07059
07058
08092
08093
08090
08091
07052
07051
07050
07057
07055
07054
08534
08742
07754
08741
07945
07737
07940
07750
07751
08557
07608
08899
07606
07607
07604
07605
07602
07603
08890
07601
08561
07930
07931
07932
07933
07934
07935
07936
07938
07939
07303
07302
07300
07307
07306
07305
07304
07309
07308
08823
08822
08821
08820
08827
08826
08825
08824
07732
07733
08829
08828
08733
08732
08731
08730
08834
08835
08836
07866
08837
08724
08690
08691
07946
07424
07422
07423
07420
07421
07543
07544
07428
08232
08233
08609
08231
08234
08530
08603
08602
08601
08600
08607
08533
08605
08604
08348
08349
07019
07018
07017
07016
07015
07014
07013
07012
07011
07010
07880
07881
07882
07885
08041
08040
08515
08042
08045
08512
08511
08510
08049
08048
08518
07642
07643
07640
07641
07646
07647
07644
07645
07901
07648
07649
07877
07869
07080
07081
07082
07876
08884
07087
07088
07871
08903
07870
08330
07688
08102
07879
08068
07902
08867
08865
08863
08862
08861
08869
08868
08904
08063
08906
08901
08902
08062
